1 1 500 200 1 5
1 2 500 200 1 5
1 3 500 200 1 5
1 4 500 200 1 5
1 5 500 200 1 5
1 6 500 200 1 5
1 7 500 200 1 5
1 8 500 200 1 5
1 9 500 200 1 5
1 10 500 200 1 5
1 11 500 200 1 5
1 12 500 200 1 5
1 13 500 200 1 5
1 14 500 200 1 5
1 15 500 200 1 5
1 16 500 200 1 5
1 17 500 200 1 5
1 18 500 200 1 5
1 19 500 200 1 5
1 20 500 200 1 5
1 21 500 200 1 5
1 22 500 200 1 5
1 23 500 200 1 5
1 24 500 200 1 5
1 25 500 200 1 5
1 26 500 200 1 5
1 27 500 200 1 5
1 28 500 200 1 5
1 29 500 200 1 5
1 30 500 200 1 5
1 31 500 200 1 5
1 32 500 200 1 5
1 33 500 200 1 5
1 34 500 200 1 5
1 35 500 200 1 5
1 36 500 200 1 5
1 37 500 200 1 5
1 38 500 200 1 5
1 39 500 200 1 5
1 40 500 200 1 5
1 41 500 200 1 5
1 42 500 200 1 5
1 43 500 200 1 5
1 44 500 200 1 5
1 45 500 200 1 5
1 46 500 200 1 5
1 47 500 200 1 5
1 48 500 200 1 5
1 49 500 200 1 5
1 50 500 200 1 5
1 51 500 200 1 5
1 52 500 200 1 5
1 53 500 200 1 5
1 54 500 200 1 5
1 55 500 200 1 5
1 56 500 200 1 5
1 57 500 200 1 5
1 58 500 200 1 5
1 59 500 200 1 5
1 60 500 200 1 5
1 61 500 200 1 5
1 62 500 200 1 5
1 63 500 200 1 5
1 64 500 200 1 5
1 65 500 200 1 5
1 66 500 200 1 5
1 67 500 200 1 5
1 68 500 200 1 5
1 69 500 200 1 5
1 70 500 200 1 5
1 71 500 200 1 5
1 72 500 200 1 5
1 73 500 200 1 5
1 74 500 200 1 5
1 75 500 200 1 5
1 76 500 200 1 5
1 77 500 200 1 5
1 78 500 200 1 5
1 79 500 200 1 5
1 80 500 200 1 5
1 81 500 200 1 5
1 82 500 200 1 5
1 83 500 200 1 5
1 84 500 200 1 5
1 85 500 200 1 5
1 86 500 200 1 5
1 87 500 200 1 5
1 88 500 200 1 5
1 89 500 200 1 5
1 90 500 200 1 5
1 91 500 200 1 5
1 92 500 200 1 5
1 93 500 200 1 5
1 94 500 200 1 5
1 95 500 200 1 5
1 96 500 200 1 5
1 97 500 200 1 5
1 98 500 200 1 5
1 99 500 200 1 5
1 100 500 200 1 5
2 101 500 1000 1 5
2 102 500 1000 1 5
2 103 500 1000 1 5
2 104 500 1000 1 5
2 105 500 1000 1 5
2 106 500 1000 1 5
2 107 500 1000 1 5
2 108 500 1000 1 5
2 109 500 1000 1 5
2 110 500 1000 1 5
2 111 500 1000 1 5
2 112 500 1000 1 5
2 113 500 1000 1 5
2 114 500 1000 1 5
2 115 500 1000 1 5
2 116 500 1000 1 5
2 117 500 1000 1 5
2 118 500 1000 1 5
2 119 500 1000 1 5
2 120 500 1000 1 5
2 121 500 1000 1 5
2 122 500 1000 1 5
2 123 500 1000 1 5
2 124 500 1000 1 5
2 125 500 1000 1 5
2 126 500 1000 1 5
2 127 500 1000 1 5
2 128 500 1000 1 5
2 129 500 1000 1 5
2 130 500 1000 1 5
2 131 500 1000 1 5
2 132 500 1000 1 5
2 133 500 1000 1 5
2 134 500 1000 1 5
2 135 500 1000 1 5
2 136 500 1000 1 5
2 137 500 1000 1 5
2 138 500 1000 1 5
2 139 500 1000 1 5
2 140 500 1000 1 5
2 141 500 1000 1 5
2 142 500 1000 1 5
2 143 500 1000 1 5
2 144 500 1000 1 5
2 145 500 1000 1 5
2 146 500 1000 1 5
2 147 500 1000 1 5
2 148 500 1000 1 5
2 149 500 1000 1 5
2 150 500 1000 1 5
2 151 500 1000 1 5
2 152 500 1000 1 5
2 153 500 1000 1 5
2 154 500 1000 1 5
2 155 500 1000 1 5
2 156 500 1000 1 5
2 157 500 1000 1 5
2 158 500 1000 1 5
2 159 500 1000 1 5
2 160 500 1000 1 5
2 161 500 1000 1 5
2 162 500 1000 1 5
2 163 500 1000 1 5
2 164 500 1000 1 5
2 165 500 1000 1 5
2 166 500 1000 1 5
2 167 500 1000 1 5
2 168 500 1000 1 5
2 169 500 1000 1 5
2 170 500 1000 1 5
2 171 500 1000 1 5
2 172 500 1000 1 5
2 173 500 1000 1 5
2 174 500 1000 1 5
2 175 500 1000 1 5
2 176 500 1000 1 5
2 177 500 1000 1 5
2 178 500 1000 1 5
2 179 500 1000 1 5
2 180 500 1000 1 5
2 181 500 1000 1 5
2 182 500 1000 1 5
2 183 500 1000 1 5
2 184 500 1000 1 5
2 185 500 1000 1 5
2 186 500 1000 1 5
2 187 500 1000 1 5
2 188 500 1000 1 5
2 189 500 1000 1 5
2 190 500 1000 1 5
2 191 500 1000 1 5
2 192 500 1000 1 5
2 193 500 1000 1 5
2 194 500 1000 1 5
2 195 500 1000 1 5
2 196 500 1000 1 5
2 197 500 1000 1 5
2 198 500 1000 1 5
2 199 500 1000 1 5
2 200 500 1000 1 5
3 201 500 200 0.5 5
3 202 500 200 0.5 5
3 203 500 200 0.5 5
3 204 500 200 0.5 5
3 205 500 200 0.5 5
3 206 500 200 0.5 5
3 207 500 200 0.5 5
3 208 500 200 0.5 5
3 209 500 200 0.5 5
3 210 500 200 0.5 5
3 211 500 200 0.5 5
3 212 500 200 0.5 5
3 213 500 200 0.5 5
3 214 500 200 0.5 5
3 215 500 200 0.5 5
3 216 500 200 0.5 5
3 217 500 200 0.5 5
3 218 500 200 0.5 5
3 219 500 200 0.5 5
3 220 500 200 0.5 5
3 221 500 200 0.5 5
3 222 500 200 0.5 5
3 223 500 200 0.5 5
3 224 500 200 0.5 5
3 225 500 200 0.5 5
3 226 500 200 0.5 5
3 227 500 200 0.5 5
3 228 500 200 0.5 5
3 229 500 200 0.5 5
3 230 500 200 0.5 5
3 231 500 200 0.5 5
3 232 500 200 0.5 5
3 233 500 200 0.5 5
3 234 500 200 0.5 5
3 235 500 200 0.5 5
3 236 500 200 0.5 5
3 237 500 200 0.5 5
3 238 500 200 0.5 5
3 239 500 200 0.5 5
3 240 500 200 0.5 5
3 241 500 200 0.5 5
3 242 500 200 0.5 5
3 243 500 200 0.5 5
3 244 500 200 0.5 5
3 245 500 200 0.5 5
3 246 500 200 0.5 5
3 247 500 200 0.5 5
3 248 500 200 0.5 5
3 249 500 200 0.5 5
3 250 500 200 0.5 5
3 251 500 200 0.5 5
3 252 500 200 0.5 5
3 253 500 200 0.5 5
3 254 500 200 0.5 5
3 255 500 200 0.5 5
3 256 500 200 0.5 5
3 257 500 200 0.5 5
3 258 500 200 0.5 5
3 259 500 200 0.5 5
3 260 500 200 0.5 5
3 261 500 200 0.5 5
3 262 500 200 0.5 5
3 263 500 200 0.5 5
3 264 500 200 0.5 5
3 265 500 200 0.5 5
3 266 500 200 0.5 5
3 267 500 200 0.5 5
3 268 500 200 0.5 5
3 269 500 200 0.5 5
3 270 500 200 0.5 5
3 271 500 200 0.5 5
3 272 500 200 0.5 5
3 273 500 200 0.5 5
3 274 500 200 0.5 5
3 275 500 200 0.5 5
3 276 500 200 0.5 5
3 277 500 200 0.5 5
3 278 500 200 0.5 5
3 279 500 200 0.5 5
3 280 500 200 0.5 5
3 281 500 200 0.5 5
3 282 500 200 0.5 5
3 283 500 200 0.5 5
3 284 500 200 0.5 5
3 285 500 200 0.5 5
3 286 500 200 0.5 5
3 287 500 200 0.5 5
3 288 500 200 0.5 5
3 289 500 200 0.5 5
3 290 500 200 0.5 5
3 291 500 200 0.5 5
3 292 500 200 0.5 5
3 293 500 200 0.5 5
3 294 500 200 0.5 5
3 295 500 200 0.5 5
3 296 500 200 0.5 5
3 297 500 200 0.5 5
3 298 500 200 0.5 5
3 299 500 200 0.5 5
3 300 500 200 0.5 5
4 301 500 1000 0.5 5
4 302 500 1000 0.5 5
4 303 500 1000 0.5 5
4 304 500 1000 0.5 5
4 305 500 1000 0.5 5
4 306 500 1000 0.5 5
4 307 500 1000 0.5 5
4 308 500 1000 0.5 5
4 309 500 1000 0.5 5
4 310 500 1000 0.5 5
4 311 500 1000 0.5 5
4 312 500 1000 0.5 5
4 313 500 1000 0.5 5
4 314 500 1000 0.5 5
4 315 500 1000 0.5 5
4 316 500 1000 0.5 5
4 317 500 1000 0.5 5
4 318 500 1000 0.5 5
4 319 500 1000 0.5 5
4 320 500 1000 0.5 5
4 321 500 1000 0.5 5
4 322 500 1000 0.5 5
4 323 500 1000 0.5 5
4 324 500 1000 0.5 5
4 325 500 1000 0.5 5
4 326 500 1000 0.5 5
4 327 500 1000 0.5 5
4 328 500 1000 0.5 5
4 329 500 1000 0.5 5
4 330 500 1000 0.5 5
4 331 500 1000 0.5 5
4 332 500 1000 0.5 5
4 333 500 1000 0.5 5
4 334 500 1000 0.5 5
4 335 500 1000 0.5 5
4 336 500 1000 0.5 5
4 337 500 1000 0.5 5
4 338 500 1000 0.5 5
4 339 500 1000 0.5 5
4 340 500 1000 0.5 5
4 341 500 1000 0.5 5
4 342 500 1000 0.5 5
4 343 500 1000 0.5 5
4 344 500 1000 0.5 5
4 345 500 1000 0.5 5
4 346 500 1000 0.5 5
4 347 500 1000 0.5 5
4 348 500 1000 0.5 5
4 349 500 1000 0.5 5
4 350 500 1000 0.5 5
4 351 500 1000 0.5 5
4 352 500 1000 0.5 5
4 353 500 1000 0.5 5
4 354 500 1000 0.5 5
4 355 500 1000 0.5 5
4 356 500 1000 0.5 5
4 357 500 1000 0.5 5
4 358 500 1000 0.5 5
4 359 500 1000 0.5 5
4 360 500 1000 0.5 5
4 361 500 1000 0.5 5
4 362 500 1000 0.5 5
4 363 500 1000 0.5 5
4 364 500 1000 0.5 5
4 365 500 1000 0.5 5
4 366 500 1000 0.5 5
4 367 500 1000 0.5 5
4 368 500 1000 0.5 5
4 369 500 1000 0.5 5
4 370 500 1000 0.5 5
4 371 500 1000 0.5 5
4 372 500 1000 0.5 5
4 373 500 1000 0.5 5
4 374 500 1000 0.5 5
4 375 500 1000 0.5 5
4 376 500 1000 0.5 5
4 377 500 1000 0.5 5
4 378 500 1000 0.5 5
4 379 500 1000 0.5 5
4 380 500 1000 0.5 5
4 381 500 1000 0.5 5
4 382 500 1000 0.5 5
4 383 500 1000 0.5 5
4 384 500 1000 0.5 5
4 385 500 1000 0.5 5
4 386 500 1000 0.5 5
4 387 500 1000 0.5 5
4 388 500 1000 0.5 5
4 389 500 1000 0.5 5
4 390 500 1000 0.5 5
4 391 500 1000 0.5 5
4 392 500 1000 0.5 5
4 393 500 1000 0.5 5
4 394 500 1000 0.5 5
4 395 500 1000 0.5 5
4 396 500 1000 0.5 5
4 397 500 1000 0.5 5
4 398 500 1000 0.5 5
4 399 500 1000 0.5 5
4 400 500 1000 0.5 5
5 401 500 200 0.2 5
5 402 500 200 0.2 5
5 403 500 200 0.2 5
5 404 500 200 0.2 5
5 405 500 200 0.2 5
5 406 500 200 0.2 5
5 407 500 200 0.2 5
5 408 500 200 0.2 5
5 409 500 200 0.2 5
5 410 500 200 0.2 5
5 411 500 200 0.2 5
5 412 500 200 0.2 5
5 413 500 200 0.2 5
5 414 500 200 0.2 5
5 415 500 200 0.2 5
5 416 500 200 0.2 5
5 417 500 200 0.2 5
5 418 500 200 0.2 5
5 419 500 200 0.2 5
5 420 500 200 0.2 5
5 421 500 200 0.2 5
5 422 500 200 0.2 5
5 423 500 200 0.2 5
5 424 500 200 0.2 5
5 425 500 200 0.2 5
5 426 500 200 0.2 5
5 427 500 200 0.2 5
5 428 500 200 0.2 5
5 429 500 200 0.2 5
5 430 500 200 0.2 5
5 431 500 200 0.2 5
5 432 500 200 0.2 5
5 433 500 200 0.2 5
5 434 500 200 0.2 5
5 435 500 200 0.2 5
5 436 500 200 0.2 5
5 437 500 200 0.2 5
5 438 500 200 0.2 5
5 439 500 200 0.2 5
5 440 500 200 0.2 5
5 441 500 200 0.2 5
5 442 500 200 0.2 5
5 443 500 200 0.2 5
5 444 500 200 0.2 5
5 445 500 200 0.2 5
5 446 500 200 0.2 5
5 447 500 200 0.2 5
5 448 500 200 0.2 5
5 449 500 200 0.2 5
5 450 500 200 0.2 5
5 451 500 200 0.2 5
5 452 500 200 0.2 5
5 453 500 200 0.2 5
5 454 500 200 0.2 5
5 455 500 200 0.2 5
5 456 500 200 0.2 5
5 457 500 200 0.2 5
5 458 500 200 0.2 5
5 459 500 200 0.2 5
5 460 500 200 0.2 5
5 461 500 200 0.2 5
5 462 500 200 0.2 5
5 463 500 200 0.2 5
5 464 500 200 0.2 5
5 465 500 200 0.2 5
5 466 500 200 0.2 5
5 467 500 200 0.2 5
5 468 500 200 0.2 5
5 469 500 200 0.2 5
5 470 500 200 0.2 5
5 471 500 200 0.2 5
5 472 500 200 0.2 5
5 473 500 200 0.2 5
5 474 500 200 0.2 5
5 475 500 200 0.2 5
5 476 500 200 0.2 5
5 477 500 200 0.2 5
5 478 500 200 0.2 5
5 479 500 200 0.2 5
5 480 500 200 0.2 5
5 481 500 200 0.2 5
5 482 500 200 0.2 5
5 483 500 200 0.2 5
5 484 500 200 0.2 5
5 485 500 200 0.2 5
5 486 500 200 0.2 5
5 487 500 200 0.2 5
5 488 500 200 0.2 5
5 489 500 200 0.2 5
5 490 500 200 0.2 5
5 491 500 200 0.2 5
5 492 500 200 0.2 5
5 493 500 200 0.2 5
5 494 500 200 0.2 5
5 495 500 200 0.2 5
5 496 500 200 0.2 5
5 497 500 200 0.2 5
5 498 500 200 0.2 5
5 499 500 200 0.2 5
5 500 500 200 0.2 5
6 501 500 1000 0.2 5
6 502 500 1000 0.2 5
6 503 500 1000 0.2 5
6 504 500 1000 0.2 5
6 505 500 1000 0.2 5
6 506 500 1000 0.2 5
6 507 500 1000 0.2 5
6 508 500 1000 0.2 5
6 509 500 1000 0.2 5
6 510 500 1000 0.2 5
6 511 500 1000 0.2 5
6 512 500 1000 0.2 5
6 513 500 1000 0.2 5
6 514 500 1000 0.2 5
6 515 500 1000 0.2 5
6 516 500 1000 0.2 5
6 517 500 1000 0.2 5
6 518 500 1000 0.2 5
6 519 500 1000 0.2 5
6 520 500 1000 0.2 5
6 521 500 1000 0.2 5
6 522 500 1000 0.2 5
6 523 500 1000 0.2 5
6 524 500 1000 0.2 5
6 525 500 1000 0.2 5
6 526 500 1000 0.2 5
6 527 500 1000 0.2 5
6 528 500 1000 0.2 5
6 529 500 1000 0.2 5
6 530 500 1000 0.2 5
6 531 500 1000 0.2 5
6 532 500 1000 0.2 5
6 533 500 1000 0.2 5
6 534 500 1000 0.2 5
6 535 500 1000 0.2 5
6 536 500 1000 0.2 5
6 537 500 1000 0.2 5
6 538 500 1000 0.2 5
6 539 500 1000 0.2 5
6 540 500 1000 0.2 5
6 541 500 1000 0.2 5
6 542 500 1000 0.2 5
6 543 500 1000 0.2 5
6 544 500 1000 0.2 5
6 545 500 1000 0.2 5
6 546 500 1000 0.2 5
6 547 500 1000 0.2 5
6 548 500 1000 0.2 5
6 549 500 1000 0.2 5
6 550 500 1000 0.2 5
6 551 500 1000 0.2 5
6 552 500 1000 0.2 5
6 553 500 1000 0.2 5
6 554 500 1000 0.2 5
6 555 500 1000 0.2 5
6 556 500 1000 0.2 5
6 557 500 1000 0.2 5
6 558 500 1000 0.2 5
6 559 500 1000 0.2 5
6 560 500 1000 0.2 5
6 561 500 1000 0.2 5
6 562 500 1000 0.2 5
6 563 500 1000 0.2 5
6 564 500 1000 0.2 5
6 565 500 1000 0.2 5
6 566 500 1000 0.2 5
6 567 500 1000 0.2 5
6 568 500 1000 0.2 5
6 569 500 1000 0.2 5
6 570 500 1000 0.2 5
6 571 500 1000 0.2 5
6 572 500 1000 0.2 5
6 573 500 1000 0.2 5
6 574 500 1000 0.2 5
6 575 500 1000 0.2 5
6 576 500 1000 0.2 5
6 577 500 1000 0.2 5
6 578 500 1000 0.2 5
6 579 500 1000 0.2 5
6 580 500 1000 0.2 5
6 581 500 1000 0.2 5
6 582 500 1000 0.2 5
6 583 500 1000 0.2 5
6 584 500 1000 0.2 5
6 585 500 1000 0.2 5
6 586 500 1000 0.2 5
6 587 500 1000 0.2 5
6 588 500 1000 0.2 5
6 589 500 1000 0.2 5
6 590 500 1000 0.2 5
6 591 500 1000 0.2 5
6 592 500 1000 0.2 5
6 593 500 1000 0.2 5
6 594 500 1000 0.2 5
6 595 500 1000 0.2 5
6 596 500 1000 0.2 5
6 597 500 1000 0.2 5
6 598 500 1000 0.2 5
6 599 500 1000 0.2 5
6 600 500 1000 0.2 5
7 601 500 200 1 10
7 602 500 200 1 10
7 603 500 200 1 10
7 604 500 200 1 10
7 605 500 200 1 10
7 606 500 200 1 10
7 607 500 200 1 10
7 608 500 200 1 10
7 609 500 200 1 10
7 610 500 200 1 10
7 611 500 200 1 10
7 612 500 200 1 10
7 613 500 200 1 10
7 614 500 200 1 10
7 615 500 200 1 10
7 616 500 200 1 10
7 617 500 200 1 10
7 618 500 200 1 10
7 619 500 200 1 10
7 620 500 200 1 10
7 621 500 200 1 10
7 622 500 200 1 10
7 623 500 200 1 10
7 624 500 200 1 10
7 625 500 200 1 10
7 626 500 200 1 10
7 627 500 200 1 10
7 628 500 200 1 10
7 629 500 200 1 10
7 630 500 200 1 10
7 631 500 200 1 10
7 632 500 200 1 10
7 633 500 200 1 10
7 634 500 200 1 10
7 635 500 200 1 10
7 636 500 200 1 10
7 637 500 200 1 10
7 638 500 200 1 10
7 639 500 200 1 10
7 640 500 200 1 10
7 641 500 200 1 10
7 642 500 200 1 10
7 643 500 200 1 10
7 644 500 200 1 10
7 645 500 200 1 10
7 646 500 200 1 10
7 647 500 200 1 10
7 648 500 200 1 10
7 649 500 200 1 10
7 650 500 200 1 10
7 651 500 200 1 10
7 652 500 200 1 10
7 653 500 200 1 10
7 654 500 200 1 10
7 655 500 200 1 10
7 656 500 200 1 10
7 657 500 200 1 10
7 658 500 200 1 10
7 659 500 200 1 10
7 660 500 200 1 10
7 661 500 200 1 10
7 662 500 200 1 10
7 663 500 200 1 10
7 664 500 200 1 10
7 665 500 200 1 10
7 666 500 200 1 10
7 667 500 200 1 10
7 668 500 200 1 10
7 669 500 200 1 10
7 670 500 200 1 10
7 671 500 200 1 10
7 672 500 200 1 10
7 673 500 200 1 10
7 674 500 200 1 10
7 675 500 200 1 10
7 676 500 200 1 10
7 677 500 200 1 10
7 678 500 200 1 10
7 679 500 200 1 10
7 680 500 200 1 10
7 681 500 200 1 10
7 682 500 200 1 10
7 683 500 200 1 10
7 684 500 200 1 10
7 685 500 200 1 10
7 686 500 200 1 10
7 687 500 200 1 10
7 688 500 200 1 10
7 689 500 200 1 10
7 690 500 200 1 10
7 691 500 200 1 10
7 692 500 200 1 10
7 693 500 200 1 10
7 694 500 200 1 10
7 695 500 200 1 10
7 696 500 200 1 10
7 697 500 200 1 10
7 698 500 200 1 10
7 699 500 200 1 10
7 700 500 200 1 10
8 701 500 1000 1 10
8 702 500 1000 1 10
8 703 500 1000 1 10
8 704 500 1000 1 10
8 705 500 1000 1 10
8 706 500 1000 1 10
8 707 500 1000 1 10
8 708 500 1000 1 10
8 709 500 1000 1 10
8 710 500 1000 1 10
8 711 500 1000 1 10
8 712 500 1000 1 10
8 713 500 1000 1 10
8 714 500 1000 1 10
8 715 500 1000 1 10
8 716 500 1000 1 10
8 717 500 1000 1 10
8 718 500 1000 1 10
8 719 500 1000 1 10
8 720 500 1000 1 10
8 721 500 1000 1 10
8 722 500 1000 1 10
8 723 500 1000 1 10
8 724 500 1000 1 10
8 725 500 1000 1 10
8 726 500 1000 1 10
8 727 500 1000 1 10
8 728 500 1000 1 10
8 729 500 1000 1 10
8 730 500 1000 1 10
8 731 500 1000 1 10
8 732 500 1000 1 10
8 733 500 1000 1 10
8 734 500 1000 1 10
8 735 500 1000 1 10
8 736 500 1000 1 10
8 737 500 1000 1 10
8 738 500 1000 1 10
8 739 500 1000 1 10
8 740 500 1000 1 10
8 741 500 1000 1 10
8 742 500 1000 1 10
8 743 500 1000 1 10
8 744 500 1000 1 10
8 745 500 1000 1 10
8 746 500 1000 1 10
8 747 500 1000 1 10
8 748 500 1000 1 10
8 749 500 1000 1 10
8 750 500 1000 1 10
8 751 500 1000 1 10
8 752 500 1000 1 10
8 753 500 1000 1 10
8 754 500 1000 1 10
8 755 500 1000 1 10
8 756 500 1000 1 10
8 757 500 1000 1 10
8 758 500 1000 1 10
8 759 500 1000 1 10
8 760 500 1000 1 10
8 761 500 1000 1 10
8 762 500 1000 1 10
8 763 500 1000 1 10
8 764 500 1000 1 10
8 765 500 1000 1 10
8 766 500 1000 1 10
8 767 500 1000 1 10
8 768 500 1000 1 10
8 769 500 1000 1 10
8 770 500 1000 1 10
8 771 500 1000 1 10
8 772 500 1000 1 10
8 773 500 1000 1 10
8 774 500 1000 1 10
8 775 500 1000 1 10
8 776 500 1000 1 10
8 777 500 1000 1 10
8 778 500 1000 1 10
8 779 500 1000 1 10
8 780 500 1000 1 10
8 781 500 1000 1 10
8 782 500 1000 1 10
8 783 500 1000 1 10
8 784 500 1000 1 10
8 785 500 1000 1 10
8 786 500 1000 1 10
8 787 500 1000 1 10
8 788 500 1000 1 10
8 789 500 1000 1 10
8 790 500 1000 1 10
8 791 500 1000 1 10
8 792 500 1000 1 10
8 793 500 1000 1 10
8 794 500 1000 1 10
8 795 500 1000 1 10
8 796 500 1000 1 10
8 797 500 1000 1 10
8 798 500 1000 1 10
8 799 500 1000 1 10
8 800 500 1000 1 10
9 801 500 200 0.5 10
9 802 500 200 0.5 10
9 803 500 200 0.5 10
9 804 500 200 0.5 10
9 805 500 200 0.5 10
9 806 500 200 0.5 10
9 807 500 200 0.5 10
9 808 500 200 0.5 10
9 809 500 200 0.5 10
9 810 500 200 0.5 10
9 811 500 200 0.5 10
9 812 500 200 0.5 10
9 813 500 200 0.5 10
9 814 500 200 0.5 10
9 815 500 200 0.5 10
9 816 500 200 0.5 10
9 817 500 200 0.5 10
9 818 500 200 0.5 10
9 819 500 200 0.5 10
9 820 500 200 0.5 10
9 821 500 200 0.5 10
9 822 500 200 0.5 10
9 823 500 200 0.5 10
9 824 500 200 0.5 10
9 825 500 200 0.5 10
9 826 500 200 0.5 10
9 827 500 200 0.5 10
9 828 500 200 0.5 10
9 829 500 200 0.5 10
9 830 500 200 0.5 10
9 831 500 200 0.5 10
9 832 500 200 0.5 10
9 833 500 200 0.5 10
9 834 500 200 0.5 10
9 835 500 200 0.5 10
9 836 500 200 0.5 10
9 837 500 200 0.5 10
9 838 500 200 0.5 10
9 839 500 200 0.5 10
9 840 500 200 0.5 10
9 841 500 200 0.5 10
9 842 500 200 0.5 10
9 843 500 200 0.5 10
9 844 500 200 0.5 10
9 845 500 200 0.5 10
9 846 500 200 0.5 10
9 847 500 200 0.5 10
9 848 500 200 0.5 10
9 849 500 200 0.5 10
9 850 500 200 0.5 10
9 851 500 200 0.5 10
9 852 500 200 0.5 10
9 853 500 200 0.5 10
9 854 500 200 0.5 10
9 855 500 200 0.5 10
9 856 500 200 0.5 10
9 857 500 200 0.5 10
9 858 500 200 0.5 10
9 859 500 200 0.5 10
9 860 500 200 0.5 10
9 861 500 200 0.5 10
9 862 500 200 0.5 10
9 863 500 200 0.5 10
9 864 500 200 0.5 10
9 865 500 200 0.5 10
9 866 500 200 0.5 10
9 867 500 200 0.5 10
9 868 500 200 0.5 10
9 869 500 200 0.5 10
9 870 500 200 0.5 10
9 871 500 200 0.5 10
9 872 500 200 0.5 10
9 873 500 200 0.5 10
9 874 500 200 0.5 10
9 875 500 200 0.5 10
9 876 500 200 0.5 10
9 877 500 200 0.5 10
9 878 500 200 0.5 10
9 879 500 200 0.5 10
9 880 500 200 0.5 10
9 881 500 200 0.5 10
9 882 500 200 0.5 10
9 883 500 200 0.5 10
9 884 500 200 0.5 10
9 885 500 200 0.5 10
9 886 500 200 0.5 10
9 887 500 200 0.5 10
9 888 500 200 0.5 10
9 889 500 200 0.5 10
9 890 500 200 0.5 10
9 891 500 200 0.5 10
9 892 500 200 0.5 10
9 893 500 200 0.5 10
9 894 500 200 0.5 10
9 895 500 200 0.5 10
9 896 500 200 0.5 10
9 897 500 200 0.5 10
9 898 500 200 0.5 10
9 899 500 200 0.5 10
9 900 500 200 0.5 10
10 901 500 1000 0.5 10
10 902 500 1000 0.5 10
10 903 500 1000 0.5 10
10 904 500 1000 0.5 10
10 905 500 1000 0.5 10
10 906 500 1000 0.5 10
10 907 500 1000 0.5 10
10 908 500 1000 0.5 10
10 909 500 1000 0.5 10
10 910 500 1000 0.5 10
10 911 500 1000 0.5 10
10 912 500 1000 0.5 10
10 913 500 1000 0.5 10
10 914 500 1000 0.5 10
10 915 500 1000 0.5 10
10 916 500 1000 0.5 10
10 917 500 1000 0.5 10
10 918 500 1000 0.5 10
10 919 500 1000 0.5 10
10 920 500 1000 0.5 10
10 921 500 1000 0.5 10
10 922 500 1000 0.5 10
10 923 500 1000 0.5 10
10 924 500 1000 0.5 10
10 925 500 1000 0.5 10
10 926 500 1000 0.5 10
10 927 500 1000 0.5 10
10 928 500 1000 0.5 10
10 929 500 1000 0.5 10
10 930 500 1000 0.5 10
10 931 500 1000 0.5 10
10 932 500 1000 0.5 10
10 933 500 1000 0.5 10
10 934 500 1000 0.5 10
10 935 500 1000 0.5 10
10 936 500 1000 0.5 10
10 937 500 1000 0.5 10
10 938 500 1000 0.5 10
10 939 500 1000 0.5 10
10 940 500 1000 0.5 10
10 941 500 1000 0.5 10
10 942 500 1000 0.5 10
10 943 500 1000 0.5 10
10 944 500 1000 0.5 10
10 945 500 1000 0.5 10
10 946 500 1000 0.5 10
10 947 500 1000 0.5 10
10 948 500 1000 0.5 10
10 949 500 1000 0.5 10
10 950 500 1000 0.5 10
10 951 500 1000 0.5 10
10 952 500 1000 0.5 10
10 953 500 1000 0.5 10
10 954 500 1000 0.5 10
10 955 500 1000 0.5 10
10 956 500 1000 0.5 10
10 957 500 1000 0.5 10
10 958 500 1000 0.5 10
10 959 500 1000 0.5 10
10 960 500 1000 0.5 10
10 961 500 1000 0.5 10
10 962 500 1000 0.5 10
10 963 500 1000 0.5 10
10 964 500 1000 0.5 10
10 965 500 1000 0.5 10
10 966 500 1000 0.5 10
10 967 500 1000 0.5 10
10 968 500 1000 0.5 10
10 969 500 1000 0.5 10
10 970 500 1000 0.5 10
10 971 500 1000 0.5 10
10 972 500 1000 0.5 10
10 973 500 1000 0.5 10
10 974 500 1000 0.5 10
10 975 500 1000 0.5 10
10 976 500 1000 0.5 10
10 977 500 1000 0.5 10
10 978 500 1000 0.5 10
10 979 500 1000 0.5 10
10 980 500 1000 0.5 10
10 981 500 1000 0.5 10
10 982 500 1000 0.5 10
10 983 500 1000 0.5 10
10 984 500 1000 0.5 10
10 985 500 1000 0.5 10
10 986 500 1000 0.5 10
10 987 500 1000 0.5 10
10 988 500 1000 0.5 10
10 989 500 1000 0.5 10
10 990 500 1000 0.5 10
10 991 500 1000 0.5 10
10 992 500 1000 0.5 10
10 993 500 1000 0.5 10
10 994 500 1000 0.5 10
10 995 500 1000 0.5 10
10 996 500 1000 0.5 10
10 997 500 1000 0.5 10
10 998 500 1000 0.5 10
10 999 500 1000 0.5 10
10 1000 500 1000 0.5 10
11 1001 500 200 0.2 10
11 1002 500 200 0.2 10
11 1003 500 200 0.2 10
11 1004 500 200 0.2 10
11 1005 500 200 0.2 10
11 1006 500 200 0.2 10
11 1007 500 200 0.2 10
11 1008 500 200 0.2 10
11 1009 500 200 0.2 10
11 1010 500 200 0.2 10
11 1011 500 200 0.2 10
11 1012 500 200 0.2 10
11 1013 500 200 0.2 10
11 1014 500 200 0.2 10
11 1015 500 200 0.2 10
11 1016 500 200 0.2 10
11 1017 500 200 0.2 10
11 1018 500 200 0.2 10
11 1019 500 200 0.2 10
11 1020 500 200 0.2 10
11 1021 500 200 0.2 10
11 1022 500 200 0.2 10
11 1023 500 200 0.2 10
11 1024 500 200 0.2 10
11 1025 500 200 0.2 10
11 1026 500 200 0.2 10
11 1027 500 200 0.2 10
11 1028 500 200 0.2 10
11 1029 500 200 0.2 10
11 1030 500 200 0.2 10
11 1031 500 200 0.2 10
11 1032 500 200 0.2 10
11 1033 500 200 0.2 10
11 1034 500 200 0.2 10
11 1035 500 200 0.2 10
11 1036 500 200 0.2 10
11 1037 500 200 0.2 10
11 1038 500 200 0.2 10
11 1039 500 200 0.2 10
11 1040 500 200 0.2 10
11 1041 500 200 0.2 10
11 1042 500 200 0.2 10
11 1043 500 200 0.2 10
11 1044 500 200 0.2 10
11 1045 500 200 0.2 10
11 1046 500 200 0.2 10
11 1047 500 200 0.2 10
11 1048 500 200 0.2 10
11 1049 500 200 0.2 10
11 1050 500 200 0.2 10
11 1051 500 200 0.2 10
11 1052 500 200 0.2 10
11 1053 500 200 0.2 10
11 1054 500 200 0.2 10
11 1055 500 200 0.2 10
11 1056 500 200 0.2 10
11 1057 500 200 0.2 10
11 1058 500 200 0.2 10
11 1059 500 200 0.2 10
11 1060 500 200 0.2 10
11 1061 500 200 0.2 10
11 1062 500 200 0.2 10
11 1063 500 200 0.2 10
11 1064 500 200 0.2 10
11 1065 500 200 0.2 10
11 1066 500 200 0.2 10
11 1067 500 200 0.2 10
11 1068 500 200 0.2 10
11 1069 500 200 0.2 10
11 1070 500 200 0.2 10
11 1071 500 200 0.2 10
11 1072 500 200 0.2 10
11 1073 500 200 0.2 10
11 1074 500 200 0.2 10
11 1075 500 200 0.2 10
11 1076 500 200 0.2 10
11 1077 500 200 0.2 10
11 1078 500 200 0.2 10
11 1079 500 200 0.2 10
11 1080 500 200 0.2 10
11 1081 500 200 0.2 10
11 1082 500 200 0.2 10
11 1083 500 200 0.2 10
11 1084 500 200 0.2 10
11 1085 500 200 0.2 10
11 1086 500 200 0.2 10
11 1087 500 200 0.2 10
11 1088 500 200 0.2 10
11 1089 500 200 0.2 10
11 1090 500 200 0.2 10
11 1091 500 200 0.2 10
11 1092 500 200 0.2 10
11 1093 500 200 0.2 10
11 1094 500 200 0.2 10
11 1095 500 200 0.2 10
11 1096 500 200 0.2 10
11 1097 500 200 0.2 10
11 1098 500 200 0.2 10
11 1099 500 200 0.2 10
11 1100 500 200 0.2 10
12 1101 500 1000 0.2 10
12 1102 500 1000 0.2 10
12 1103 500 1000 0.2 10
12 1104 500 1000 0.2 10
12 1105 500 1000 0.2 10
12 1106 500 1000 0.2 10
12 1107 500 1000 0.2 10
12 1108 500 1000 0.2 10
12 1109 500 1000 0.2 10
12 1110 500 1000 0.2 10
12 1111 500 1000 0.2 10
12 1112 500 1000 0.2 10
12 1113 500 1000 0.2 10
12 1114 500 1000 0.2 10
12 1115 500 1000 0.2 10
12 1116 500 1000 0.2 10
12 1117 500 1000 0.2 10
12 1118 500 1000 0.2 10
12 1119 500 1000 0.2 10
12 1120 500 1000 0.2 10
12 1121 500 1000 0.2 10
12 1122 500 1000 0.2 10
12 1123 500 1000 0.2 10
12 1124 500 1000 0.2 10
12 1125 500 1000 0.2 10
12 1126 500 1000 0.2 10
12 1127 500 1000 0.2 10
12 1128 500 1000 0.2 10
12 1129 500 1000 0.2 10
12 1130 500 1000 0.2 10
12 1131 500 1000 0.2 10
12 1132 500 1000 0.2 10
12 1133 500 1000 0.2 10
12 1134 500 1000 0.2 10
12 1135 500 1000 0.2 10
12 1136 500 1000 0.2 10
12 1137 500 1000 0.2 10
12 1138 500 1000 0.2 10
12 1139 500 1000 0.2 10
12 1140 500 1000 0.2 10
12 1141 500 1000 0.2 10
12 1142 500 1000 0.2 10
12 1143 500 1000 0.2 10
12 1144 500 1000 0.2 10
12 1145 500 1000 0.2 10
12 1146 500 1000 0.2 10
12 1147 500 1000 0.2 10
12 1148 500 1000 0.2 10
12 1149 500 1000 0.2 10
12 1150 500 1000 0.2 10
12 1151 500 1000 0.2 10
12 1152 500 1000 0.2 10
12 1153 500 1000 0.2 10
12 1154 500 1000 0.2 10
12 1155 500 1000 0.2 10
12 1156 500 1000 0.2 10
12 1157 500 1000 0.2 10
12 1158 500 1000 0.2 10
12 1159 500 1000 0.2 10
12 1160 500 1000 0.2 10
12 1161 500 1000 0.2 10
12 1162 500 1000 0.2 10
12 1163 500 1000 0.2 10
12 1164 500 1000 0.2 10
12 1165 500 1000 0.2 10
12 1166 500 1000 0.2 10
12 1167 500 1000 0.2 10
12 1168 500 1000 0.2 10
12 1169 500 1000 0.2 10
12 1170 500 1000 0.2 10
12 1171 500 1000 0.2 10
12 1172 500 1000 0.2 10
12 1173 500 1000 0.2 10
12 1174 500 1000 0.2 10
12 1175 500 1000 0.2 10
12 1176 500 1000 0.2 10
12 1177 500 1000 0.2 10
12 1178 500 1000 0.2 10
12 1179 500 1000 0.2 10
12 1180 500 1000 0.2 10
12 1181 500 1000 0.2 10
12 1182 500 1000 0.2 10
12 1183 500 1000 0.2 10
12 1184 500 1000 0.2 10
12 1185 500 1000 0.2 10
12 1186 500 1000 0.2 10
12 1187 500 1000 0.2 10
12 1188 500 1000 0.2 10
12 1189 500 1000 0.2 10
12 1190 500 1000 0.2 10
12 1191 500 1000 0.2 10
12 1192 500 1000 0.2 10
12 1193 500 1000 0.2 10
12 1194 500 1000 0.2 10
12 1195 500 1000 0.2 10
12 1196 500 1000 0.2 10
12 1197 500 1000 0.2 10
12 1198 500 1000 0.2 10
12 1199 500 1000 0.2 10
12 1200 500 1000 0.2 10
